6.516000000000000000e+03
1.388000000000000000e+03
1.727000000000000000e+03
4.541000000000000000e+03
1.829000000000000000e+03
6.003000000000000000e+03
2.610000000000000000e+03
7.070000000000000000e+02
1.985000000000000000e+03
1.546000000000000000e+03
1.045000000000000000e+03
1.017000000000000000e+03
1.198000000000000000e+03
4.396000000000000000e+03
1.741000000000000000e+03
4.171000000000000000e+03
7.887000000000000000e+03
3.257000000000000000e+03
2.162000000000000000e+03
4.171000000000000000e+03
7.100000000000000000e+02
2.027000000000000000e+03
1.483000000000000000e+03
8.500000000000000000e+02
5.553000000000000000e+03
2.972000000000000000e+03
1.622000000000000000e+03
8.418000000000000000e+03
8.579000000000000000e+03
6.952000000000000000e+03
5.364000000000000000e+03
5.330000000000000000e+03
3.162000000000000000e+03
1.595000000000000000e+03
6.330000000000000000e+02
2.571000000000000000e+03
5.770000000000000000e+02
2.622000000000000000e+03
1.251000000000000000e+03
2.225000000000000000e+03
4.068000000000000000e+03
3.588000000000000000e+03
2.213000000000000000e+03
2.427000000000000000e+03
1.083400000000000000e+04
3.034000000000000000e+03
7.280000000000000000e+02
1.161000000000000000e+03
1.440000000000000000e+03
1.213000000000000000e+03
2.453000000000000000e+03
5.081000000000000000e+03
3.159000000000000000e+03
1.006000000000000000e+03
2.697000000000000000e+03
4.250000000000000000e+02
1.266000000000000000e+03
2.575000000000000000e+03
1.604000000000000000e+03
3.509000000000000000e+03
2.084000000000000000e+03
3.223000000000000000e+03
9.780000000000000000e+02
4.075000000000000000e+03
2.681000000000000000e+03
2.371000000000000000e+03
1.570200000000000000e+04
4.311000000000000000e+03
2.063000000000000000e+03
4.437000000000000000e+03
4.703000000000000000e+03
4.591000000000000000e+03
4.299000000000000000e+03
1.661000000000000000e+03
9.960000000000000000e+02
1.579000000000000000e+03
1.947000000000000000e+03
2.574000000000000000e+03
3.641000000000000000e+03
1.266000000000000000e+03
1.544000000000000000e+03
4.897000000000000000e+03
3.592000000000000000e+03
3.369000000000000000e+03
5.836000000000000000e+03
6.136000000000000000e+03
3.621000000000000000e+03
1.123000000000000000e+03
5.249000000000000000e+03
3.040000000000000000e+03
1.480000000000000000e+03
4.097000000000000000e+03
9.490000000000000000e+02
6.061000000000000000e+03
1.117000000000000000e+03
3.212000000000000000e+03
1.248000000000000000e+03
1.889000000000000000e+03
1.335000000000000000e+03
6.909000000000000000e+03
1.462000000000000000e+03
5.921000000000000000e+03
1.748000000000000000e+03
2.088000000000000000e+03
4.499000000000000000e+03
1.712000000000000000e+03
2.713000000000000000e+03
3.351000000000000000e+03
3.817000000000000000e+03
4.690000000000000000e+03
1.598000000000000000e+03
1.537000000000000000e+03
3.515000000000000000e+03
9.400000000000000000e+02
8.050000000000000000e+03
5.633000000000000000e+03
6.932000000000000000e+03
1.456000000000000000e+03
6.020000000000000000e+02
1.433000000000000000e+03
7.649000000000000000e+03
4.838000000000000000e+03
2.135000000000000000e+03
1.383000000000000000e+03
1.629000000000000000e+03
2.638000000000000000e+03
7.140000000000000000e+02
2.919000000000000000e+03
6.449000000000000000e+03
4.686000000000000000e+03
3.064000000000000000e+03
9.980000000000000000e+02
1.580000000000000000e+03
1.778000000000000000e+03
1.156000000000000000e+03
5.923000000000000000e+03
5.480000000000000000e+02
1.893000000000000000e+03
2.438000000000000000e+03
3.660000000000000000e+02
2.238000000000000000e+03
2.180000000000000000e+03
2.685000000000000000e+03
1.911000000000000000e+03
6.949000000000000000e+03
5.026000000000000000e+03
1.100000000000000000e+03
1.434000000000000000e+03
3.055000000000000000e+03
2.406000000000000000e+03
2.093000000000000000e+03
3.890000000000000000e+03
1.744000000000000000e+03
2.634000000000000000e+03
1.988000000000000000e+03
3.727000000000000000e+03
2.170000000000000000e+03
3.126000000000000000e+03
2.377000000000000000e+03
5.107000000000000000e+03
1.810000000000000000e+03
9.970000000000000000e+02
1.018000000000000000e+03
1.213000000000000000e+03
3.963000000000000000e+03
2.709000000000000000e+03
5.097000000000000000e+03
1.925000000000000000e+03
9.608000000000000000e+03
4.019000000000000000e+03
6.757000000000000000e+03
1.610000000000000000e+03
7.450000000000000000e+02
2.069000000000000000e+03
5.950000000000000000e+02
1.066000000000000000e+03
4.209000000000000000e+03
5.097000000000000000e+03
9.120000000000000000e+02
4.352000000000000000e+03
2.321000000000000000e+03
1.671000000000000000e+03
1.908000000000000000e+03
1.126000000000000000e+03
2.190000000000000000e+03
3.747000000000000000e+03
5.200000000000000000e+03
3.007000000000000000e+03
1.197000000000000000e+03
6.491000000000000000e+03
3.102000000000000000e+03
3.822000000000000000e+03
1.953000000000000000e+03
1.073000000000000000e+03
1.934000000000000000e+03
3.359000000000000000e+03
3.423000000000000000e+03
4.361000000000000000e+03
1.818000000000000000e+03
6.463000000000000000e+03
1.401000000000000000e+03
2.369000000000000000e+03
1.085000000000000000e+03
1.727000000000000000e+03
1.191000000000000000e+03
3.398000000000000000e+03
4.290000000000000000e+03
1.630000000000000000e+03
4.317000000000000000e+03
1.422000000000000000e+03
3.188000000000000000e+03
8.850000000000000000e+02
2.711000000000000000e+03
1.916000000000000000e+03
5.734000000000000000e+03
6.859000000000000000e+03
3.734000000000000000e+03
3.818000000000000000e+03
1.346000000000000000e+03
3.586000000000000000e+03
2.520000000000000000e+03
1.400000000000000000e+03
8.580000000000000000e+02
2.924000000000000000e+03
1.338000000000000000e+03
5.758000000000000000e+03
2.103000000000000000e+03
1.192000000000000000e+03
7.750000000000000000e+02
5.387000000000000000e+03
2.261000000000000000e+03
4.174000000000000000e+03
1.996000000000000000e+03
2.502000000000000000e+03
2.105000000000000000e+03
1.942000000000000000e+03
8.860000000000000000e+02
5.147000000000000000e+03
2.189000000000000000e+03
1.478000000000000000e+03
9.910000000000000000e+02
9.920000000000000000e+02
1.972000000000000000e+03
4.813000000000000000e+03
1.057000000000000000e+03
1.281000000000000000e+03
1.877000000000000000e+03
1.467000000000000000e+03
2.273000000000000000e+03
1.322000000000000000e+03
1.021000000000000000e+04
4.430000000000000000e+03
3.098000000000000000e+03
1.120500000000000000e+04
7.110000000000000000e+02
2.195000000000000000e+03
1.093000000000000000e+03
1.826000000000000000e+03
2.089000000000000000e+03
2.815000000000000000e+03
1.177500000000000000e+04
1.256000000000000000e+03
2.502000000000000000e+03
2.267000000000000000e+03
3.255000000000000000e+03
7.350000000000000000e+02
2.429000000000000000e+03
9.870000000000000000e+02
1.089000000000000000e+03
1.882000000000000000e+03
7.140000000000000000e+03
1.507000000000000000e+03
2.698000000000000000e+03
4.779000000000000000e+03
1.843000000000000000e+03
2.301000000000000000e+03
5.315000000000000000e+03
1.712000000000000000e+03
4.086000000000000000e+03
2.464000000000000000e+03
2.072000000000000000e+03
4.510000000000000000e+02
1.932600000000000000e+04
7.578000000000000000e+03
3.106000000000000000e+03
6.404000000000000000e+03
1.545000000000000000e+03
3.022000000000000000e+03
1.383000000000000000e+03
8.800000000000000000e+02
2.183000000000000000e+03
1.833000000000000000e+03
4.437000000000000000e+03
9.550000000000000000e+02
1.366000000000000000e+03
9.030000000000000000e+02
4.034000000000000000e+03
2.351000000000000000e+03
8.160000000000000000e+02
1.133000000000000000e+03
1.939000000000000000e+03
2.323000000000000000e+03
3.094000000000000000e+03
2.297000000000000000e+03
1.002000000000000000e+03
1.603000000000000000e+03
2.282000000000000000e+03
9.288000000000000000e+03
1.024900000000000000e+04
2.303000000000000000e+03
1.350600000000000000e+04
2.520000000000000000e+03
1.390000000000000000e+03
6.237000000000000000e+03
7.770000000000000000e+02
4.890000000000000000e+02
1.208000000000000000e+03
3.218000000000000000e+03
2.467000000000000000e+03
4.122000000000000000e+03
1.477000000000000000e+03
9.600000000000000000e+02
1.483000000000000000e+03
2.260000000000000000e+03
2.759000000000000000e+03
2.900000000000000000e+03
2.835000000000000000e+03
1.367000000000000000e+03
1.551000000000000000e+03
3.277000000000000000e+03
3.460000000000000000e+03
1.098000000000000000e+03
8.210000000000000000e+02
4.594000000000000000e+03
2.500000000000000000e+03
1.635000000000000000e+03
2.282000000000000000e+03
2.115000000000000000e+03
2.839000000000000000e+03
4.776000000000000000e+03
2.194000000000000000e+03
6.827000000000000000e+03
2.972000000000000000e+03
4.140000000000000000e+03
7.619000000000000000e+03
1.724000000000000000e+03
7.561000000000000000e+03
4.959000000000000000e+03
2.555000000000000000e+03
4.602000000000000000e+03
1.376000000000000000e+03
1.911000000000000000e+03
2.804000000000000000e+03
1.203000000000000000e+03
1.464000000000000000e+03
1.149000000000000000e+03
1.507000000000000000e+03
1.510000000000000000e+03
5.766000000000000000e+03
1.130000000000000000e+03
1.011000000000000000e+03
3.768000000000000000e+03
3.974000000000000000e+03
2.366000000000000000e+03
2.574000000000000000e+03
2.278000000000000000e+03
3.505000000000000000e+03
4.699000000000000000e+03
3.241000000000000000e+03
1.186000000000000000e+03
1.802000000000000000e+03
2.988000000000000000e+03
4.229000000000000000e+03
4.751000000000000000e+03
3.980000000000000000e+02
3.752000000000000000e+03
3.714000000000000000e+03
4.107000000000000000e+03
2.874000000000000000e+03
1.290000000000000000e+03
2.866000000000000000e+03
5.502000000000000000e+03
2.303000000000000000e+03
1.068000000000000000e+03
2.017000000000000000e+03
1.458000000000000000e+03
2.377000000000000000e+03
7.544000000000000000e+03
7.235000000000000000e+03
9.230000000000000000e+02
8.850000000000000000e+02
1.654000000000000000e+03
4.056000000000000000e+03
4.480000000000000000e+02
2.259000000000000000e+03
3.061000000000000000e+03
2.449000000000000000e+03
9.490000000000000000e+02
2.756000000000000000e+03
2.343000000000000000e+03
8.590000000000000000e+02
3.540000000000000000e+03
9.830000000000000000e+02
5.820000000000000000e+02
2.913000000000000000e+03
2.183000000000000000e+03
1.973000000000000000e+03
2.134000000000000000e+03
1.847000000000000000e+03
4.906000000000000000e+03
1.186000000000000000e+03
3.662000000000000000e+03
8.910000000000000000e+02
2.340000000000000000e+03
7.750000000000000000e+02
2.915000000000000000e+03
9.990000000000000000e+02
2.203000000000000000e+03
5.127000000000000000e+03
1.865000000000000000e+03
2.112000000000000000e+03
9.790000000000000000e+02
2.314000000000000000e+03
2.766000000000000000e+03
1.480000000000000000e+03
1.345000000000000000e+03
8.220000000000000000e+02
2.455000000000000000e+03
2.554000000000000000e+03
3.171000000000000000e+03
1.436000000000000000e+03
3.761000000000000000e+03
1.264000000000000000e+03
2.264000000000000000e+03
1.741000000000000000e+03
1.932000000000000000e+03
3.557000000000000000e+03
4.167000000000000000e+03
1.300000000000000000e+03
2.490000000000000000e+03
9.460000000000000000e+02
7.913000000000000000e+03
5.466000000000000000e+03
3.365000000000000000e+03
4.333000000000000000e+03
8.242000000000000000e+03
9.980000000000000000e+02
3.111000000000000000e+03
4.137000000000000000e+03
6.330000000000000000e+03
3.170000000000000000e+03
7.160000000000000000e+02
2.899000000000000000e+03
1.599000000000000000e+03
9.110000000000000000e+02
2.586000000000000000e+03
1.385000000000000000e+03
4.700000000000000000e+03
9.560000000000000000e+03
7.810000000000000000e+02
1.167100000000000000e+04
1.535000000000000000e+03
2.995000000000000000e+03
2.061000000000000000e+03
3.012000000000000000e+03
4.108000000000000000e+03
7.493000000000000000e+03
6.603000000000000000e+03
3.599000000000000000e+03
5.200000000000000000e+02
3.057000000000000000e+03
3.864000000000000000e+03
2.804000000000000000e+03
4.145000000000000000e+03
4.244000000000000000e+03
2.439000000000000000e+03
3.487000000000000000e+03
4.421000000000000000e+03
1.708000000000000000e+03
2.589000000000000000e+03
1.425000000000000000e+03
3.929000000000000000e+03
3.049000000000000000e+03
2.303000000000000000e+03
1.420000000000000000e+03
7.040000000000000000e+02
4.563000000000000000e+03
2.382000000000000000e+03
2.935000000000000000e+03
9.726000000000000000e+03
2.091000000000000000e+03
8.040000000000000000e+02
2.486000000000000000e+03
1.603000000000000000e+03
1.157000000000000000e+03
2.595000000000000000e+03
3.021000000000000000e+03
1.601000000000000000e+03
3.234000000000000000e+03
2.471000000000000000e+03
1.822000000000000000e+03
6.365000000000000000e+03
3.229000000000000000e+03
5.391000000000000000e+03
5.615000000000000000e+03
3.400000000000000000e+03
2.078000000000000000e+03
7.028000000000000000e+03
6.750000000000000000e+02
1.735000000000000000e+03
8.120000000000000000e+02
3.537000000000000000e+03
8.620000000000000000e+02
3.113000000000000000e+03
3.908000000000000000e+03
1.016000000000000000e+03
2.505000000000000000e+03
7.125000000000000000e+03
2.443000000000000000e+03
7.862000000000000000e+03
4.768000000000000000e+03
1.269000000000000000e+03
9.840000000000000000e+02
1.904000000000000000e+03
6.037000000000000000e+03
2.341000000000000000e+03
1.483000000000000000e+03
2.724000000000000000e+03
2.252000000000000000e+03
2.358000000000000000e+03
2.476000000000000000e+03
6.471000000000000000e+03
1.914000000000000000e+03
1.710000000000000000e+03
2.794000000000000000e+03
1.372000000000000000e+03
1.149000000000000000e+03
5.310000000000000000e+02
5.444000000000000000e+03
2.356000000000000000e+03
4.141000000000000000e+03
3.761000000000000000e+03
1.067000000000000000e+03
3.335000000000000000e+03
4.654000000000000000e+03
1.331000000000000000e+03
9.190000000000000000e+02
9.590000000000000000e+02
7.696000000000000000e+03
9.180000000000000000e+02
1.669000000000000000e+03
3.523000000000000000e+03
5.814000000000000000e+03
2.085000000000000000e+03
3.653000000000000000e+03
1.062000000000000000e+03
1.155000000000000000e+03
2.001000000000000000e+03
1.024000000000000000e+03
7.768000000000000000e+03
1.807000000000000000e+03
2.358000000000000000e+03
6.216000000000000000e+03
2.435000000000000000e+03
4.068000000000000000e+03
8.410000000000000000e+02
6.040000000000000000e+03
1.809000000000000000e+03
8.420000000000000000e+02
9.074000000000000000e+03
6.962000000000000000e+03
3.548000000000000000e+03
4.751000000000000000e+03
1.165500000000000000e+04
7.030000000000000000e+02
6.860000000000000000e+02
1.861000000000000000e+03
1.852000000000000000e+03
5.364000000000000000e+03
1.920000000000000000e+03
2.343000000000000000e+03
2.418000000000000000e+03
1.645000000000000000e+03
3.546000000000000000e+03
1.211000000000000000e+03
1.852000000000000000e+03
7.899000000000000000e+03
2.932000000000000000e+03
1.817000000000000000e+03
2.038000000000000000e+03
1.972000000000000000e+03
3.909000000000000000e+03
9.200000000000000000e+02
2.681000000000000000e+03
1.553000000000000000e+03
1.523000000000000000e+03
1.924000000000000000e+03
2.899000000000000000e+03
3.215000000000000000e+03
2.723000000000000000e+03
1.735000000000000000e+03
5.691000000000000000e+03
9.120000000000000000e+02
4.045000000000000000e+03
8.691000000000000000e+03
2.297000000000000000e+03
4.695000000000000000e+03
6.791000000000000000e+03
1.041000000000000000e+03
4.579000000000000000e+03
1.708000000000000000e+03
3.338000000000000000e+03
1.430000000000000000e+03
1.194000000000000000e+03
3.073000000000000000e+03
1.444000000000000000e+03
3.266000000000000000e+03
3.435000000000000000e+03
3.729000000000000000e+03
1.066000000000000000e+03
2.076000000000000000e+03
1.324000000000000000e+03
3.658000000000000000e+03
4.259000000000000000e+03
3.357000000000000000e+03
6.310000000000000000e+02
3.260000000000000000e+02
9.370000000000000000e+02
3.731000000000000000e+03
2.341000000000000000e+03
3.062000000000000000e+03
2.360000000000000000e+03
1.279000000000000000e+03
1.649000000000000000e+03
1.419000000000000000e+03
1.463000000000000000e+03
2.022000000000000000e+03
1.211000000000000000e+03
2.209000000000000000e+03
2.091000000000000000e+03
7.097000000000000000e+03
1.240000000000000000e+03
2.461000000000000000e+03
1.461000000000000000e+03
5.278000000000000000e+03
8.390000000000000000e+02
1.604000000000000000e+03
1.153000000000000000e+03
9.480000000000000000e+02
6.323000000000000000e+03
2.651000000000000000e+03
4.036000000000000000e+03
3.320000000000000000e+03
3.998000000000000000e+03
2.613000000000000000e+03
1.285000000000000000e+03
2.725000000000000000e+03
5.347000000000000000e+03
2.392000000000000000e+03
1.072000000000000000e+03
2.385000000000000000e+03
2.667000000000000000e+03
1.486000000000000000e+03
2.999000000000000000e+03
4.026000000000000000e+03
1.631000000000000000e+03
2.739000000000000000e+03
3.126000000000000000e+03
3.995000000000000000e+03
1.246000000000000000e+03
1.708000000000000000e+03
3.153000000000000000e+03
1.019300000000000000e+04
3.944000000000000000e+03
1.763000000000000000e+03
1.603000000000000000e+03
1.397000000000000000e+03
1.473000000000000000e+03
2.583000000000000000e+03
3.135000000000000000e+03
2.440000000000000000e+03
6.380000000000000000e+02
1.383000000000000000e+03
5.206000000000000000e+03
1.207000000000000000e+03
1.824000000000000000e+03
3.759000000000000000e+03
5.750000000000000000e+03
1.821000000000000000e+03
4.003000000000000000e+03
1.418000000000000000e+03
7.200000000000000000e+02
2.334000000000000000e+03
8.220000000000000000e+02
1.444000000000000000e+03
8.120000000000000000e+02
1.861000000000000000e+03
3.581000000000000000e+03
1.625000000000000000e+03
1.053000000000000000e+03
4.804000000000000000e+03
1.415000000000000000e+03
7.919000000000000000e+03
7.028000000000000000e+03
4.031000000000000000e+03
6.950000000000000000e+02
2.885000000000000000e+03
1.703000000000000000e+03
5.780000000000000000e+02
1.645000000000000000e+03
8.295000000000000000e+03
2.999000000000000000e+03
3.181000000000000000e+03
1.229000000000000000e+03
3.179000000000000000e+03
1.640000000000000000e+03
1.849000000000000000e+03
2.884000000000000000e+03
2.219000000000000000e+03
1.451000000000000000e+03
4.941000000000000000e+03
2.116000000000000000e+03
5.860000000000000000e+02
1.208000000000000000e+03
3.813000000000000000e+03
1.953000000000000000e+03
1.087000000000000000e+03
1.022000000000000000e+03
2.459000000000000000e+03
2.694000000000000000e+03
1.049000000000000000e+03
3.484000000000000000e+03
1.147000000000000000e+03
1.107000000000000000e+03
1.645000000000000000e+03
7.360000000000000000e+02
8.880000000000000000e+02
2.893000000000000000e+03
4.791000000000000000e+03
3.591000000000000000e+03
4.246000000000000000e+03
2.283000000000000000e+03
1.239000000000000000e+03
1.163000000000000000e+03
3.239000000000000000e+03
2.029000000000000000e+03
1.126000000000000000e+03
4.806000000000000000e+03
3.288000000000000000e+03
5.922000000000000000e+03
3.162000000000000000e+03
3.146000000000000000e+03
2.288000000000000000e+03
1.068000000000000000e+03
2.640000000000000000e+03
2.401000000000000000e+03
2.046000000000000000e+03
1.145600000000000000e+04
2.200000000000000000e+03
2.893000000000000000e+03
3.127000000000000000e+03
2.494000000000000000e+03
2.456000000000000000e+03
1.818000000000000000e+03
4.112000000000000000e+03
2.643000000000000000e+03
3.918000000000000000e+03
2.376000000000000000e+03
1.551000000000000000e+03
3.758000000000000000e+03
9.320000000000000000e+02
9.820000000000000000e+02
1.326000000000000000e+03
2.479000000000000000e+03
2.305000000000000000e+03
4.087000000000000000e+03
2.095000000000000000e+03
1.692000000000000000e+03
7.360000000000000000e+02
9.390000000000000000e+02
2.212000000000000000e+03
7.790000000000000000e+02
1.389000000000000000e+03
6.655000000000000000e+03
3.608000000000000000e+03
2.368000000000000000e+03
1.456000000000000000e+03
9.980000000000000000e+02
5.810000000000000000e+02
4.300000000000000000e+03
3.409000000000000000e+03
4.905000000000000000e+03
6.200000000000000000e+02
3.504000000000000000e+03
4.751000000000000000e+03
3.830000000000000000e+03
7.792000000000000000e+03
7.772000000000000000e+03
4.448000000000000000e+03
4.471000000000000000e+03
8.030000000000000000e+02
1.027600000000000000e+04
9.660000000000000000e+02
2.787000000000000000e+03
3.580000000000000000e+02
5.323000000000000000e+03
5.231000000000000000e+03
2.681000000000000000e+03
2.087000000000000000e+03
2.419000000000000000e+03
1.109000000000000000e+03
1.490000000000000000e+03
1.868000000000000000e+03
1.059000000000000000e+03
2.314000000000000000e+03
5.882000000000000000e+03
9.160000000000000000e+02
2.285000000000000000e+03
4.032000000000000000e+03
8.120000000000000000e+02
1.650000000000000000e+03
2.562000000000000000e+03
5.707000000000000000e+03
7.100000000000000000e+02
2.214000000000000000e+03
2.093000000000000000e+03
1.006000000000000000e+03
3.056000000000000000e+03
8.000000000000000000e+02
3.159000000000000000e+03
1.943000000000000000e+03
1.206000000000000000e+03
9.710000000000000000e+02
1.725000000000000000e+03
4.395000000000000000e+03
1.200000000000000000e+03
1.388000000000000000e+03
2.936000000000000000e+03
6.990000000000000000e+03
3.306000000000000000e+03
1.585000000000000000e+03
2.008000000000000000e+03
1.708000000000000000e+03
2.121000000000000000e+03
4.570000000000000000e+03
1.286000000000000000e+03
7.570000000000000000e+02
1.707000000000000000e+03
5.226000000000000000e+03
1.150000000000000000e+03
2.058000000000000000e+03
2.838000000000000000e+03
1.934000000000000000e+03
1.556000000000000000e+03
9.330000000000000000e+02
9.510000000000000000e+02
1.450000000000000000e+03
3.395000000000000000e+03
2.868000000000000000e+03
1.380000000000000000e+03
8.250000000000000000e+02
5.210000000000000000e+03
3.667000000000000000e+03
3.318000000000000000e+03
1.263000000000000000e+03
1.889000000000000000e+03
1.899000000000000000e+03
1.607000000000000000e+03
8.799000000000000000e+03
3.772000000000000000e+03
2.791000000000000000e+03
2.399000000000000000e+03
3.601000000000000000e+03
3.704000000000000000e+03
6.670000000000000000e+03
1.371000000000000000e+03
3.232000000000000000e+03
4.257000000000000000e+03
1.446000000000000000e+03
1.149000000000000000e+03
8.330000000000000000e+02
1.920000000000000000e+03
1.349000000000000000e+03
2.341000000000000000e+03
1.423000000000000000e+03
2.081000000000000000e+03
1.546000000000000000e+03
7.300000000000000000e+02
2.006000000000000000e+03
1.053100000000000000e+04
3.194000000000000000e+03
6.368000000000000000e+03
1.411000000000000000e+03
1.830000000000000000e+04
5.988000000000000000e+03
7.310000000000000000e+02
3.578000000000000000e+03
7.990000000000000000e+02
2.640000000000000000e+03
4.459000000000000000e+03
6.665000000000000000e+03
8.960000000000000000e+02
2.149000000000000000e+03
2.699000000000000000e+03
1.611000000000000000e+03
3.650000000000000000e+03
1.019000000000000000e+03
1.914000000000000000e+03
2.927000000000000000e+03
9.880000000000000000e+02
1.961000000000000000e+03
9.100000000000000000e+02
3.886000000000000000e+03
4.149000000000000000e+03
5.336000000000000000e+03
9.150000000000000000e+02
2.300000000000000000e+03
4.699000000000000000e+03
2.217000000000000000e+03
1.441000000000000000e+03
1.624000000000000000e+03
1.507000000000000000e+03
5.068000000000000000e+03
3.292000000000000000e+03
2.604000000000000000e+03
1.526000000000000000e+03
6.610000000000000000e+03
9.360000000000000000e+02
3.225000000000000000e+03
2.270000000000000000e+03
1.104000000000000000e+03
6.970000000000000000e+02
2.137000000000000000e+03
2.208000000000000000e+03
1.323000000000000000e+03
5.190000000000000000e+02
8.980000000000000000e+02
5.600000000000000000e+02
2.521000000000000000e+03
7.290000000000000000e+02
1.965000000000000000e+03
2.559000000000000000e+03
3.396000000000000000e+03
3.268000000000000000e+03
1.885000000000000000e+03
2.162000000000000000e+03
1.671000000000000000e+03
2.914000000000000000e+03
1.125000000000000000e+03
1.009000000000000000e+03
2.635000000000000000e+03
2.907000000000000000e+03
8.430000000000000000e+02
3.123000000000000000e+03
4.060000000000000000e+02
4.783000000000000000e+03
6.306000000000000000e+03
4.203000000000000000e+03
5.862000000000000000e+03
9.290000000000000000e+02
8.829000000000000000e+03
6.370000000000000000e+03
3.224000000000000000e+03
5.500000000000000000e+02
2.379000000000000000e+03
2.380000000000000000e+03
6.810000000000000000e+03
1.023000000000000000e+03
4.576000000000000000e+03
1.341000000000000000e+03
1.338000000000000000e+03
3.195000000000000000e+03
9.920000000000000000e+02
3.468000000000000000e+03
2.505000000000000000e+03
1.500000000000000000e+03
8.020000000000000000e+02
1.897000000000000000e+03
2.557000000000000000e+03
2.671000000000000000e+03
3.555000000000000000e+03
6.408000000000000000e+03
6.870000000000000000e+02
1.183000000000000000e+03
2.113000000000000000e+03
1.693000000000000000e+03
2.933000000000000000e+03
1.003600000000000000e+04
1.413000000000000000e+03
1.159000000000000000e+03
2.644000000000000000e+03
4.858000000000000000e+03
4.040000000000000000e+02
1.721000000000000000e+03
5.209000000000000000e+03
4.215000000000000000e+03
4.944000000000000000e+03
2.755000000000000000e+03
1.856000000000000000e+03
1.595000000000000000e+03
