1.241000000000000000e+03
2.743000000000000000e+03
2.205000000000000000e+03
8.280000000000000000e+02
2.775000000000000000e+03
4.370000000000000000e+02
5.100000000000000000e+02
3.590000000000000000e+02
6.950000000000000000e+02
3.910000000000000000e+02
1.518000000000000000e+03
1.350000000000000000e+03
2.372000000000000000e+03
8.760000000000000000e+02
4.930000000000000000e+02
1.776000000000000000e+03
8.370000000000000000e+02
1.180000000000000000e+03
1.196000000000000000e+03
1.496000000000000000e+03
1.329000000000000000e+03
1.752000000000000000e+03
9.730000000000000000e+02
8.810000000000000000e+02
2.677000000000000000e+03
2.429000000000000000e+03
1.509000000000000000e+03
2.268000000000000000e+03
3.257000000000000000e+03
6.460000000000000000e+02
3.390000000000000000e+02
4.060000000000000000e+02
1.058000000000000000e+03
2.131000000000000000e+03
6.892000000000000000e+03
2.510000000000000000e+03
6.010000000000000000e+02
6.670000000000000000e+02
1.895000000000000000e+03
1.040000000000000000e+03
9.640000000000000000e+02
5.910000000000000000e+02
5.020000000000000000e+02
2.490000000000000000e+03
5.363000000000000000e+03
2.624000000000000000e+03
5.750000000000000000e+02
2.239000000000000000e+03
1.995000000000000000e+03
9.130000000000000000e+02
3.506000000000000000e+03
2.774000000000000000e+03
6.290000000000000000e+02
1.076000000000000000e+03
1.232000000000000000e+03
4.730000000000000000e+02
3.080000000000000000e+02
2.590000000000000000e+03
6.830000000000000000e+02
1.729000000000000000e+03
1.926000000000000000e+03
3.635000000000000000e+03
1.137000000000000000e+03
2.707000000000000000e+03
1.037000000000000000e+03
3.630000000000000000e+02
1.507000000000000000e+03
7.310000000000000000e+02
8.420000000000000000e+02
4.872000000000000000e+03
5.560000000000000000e+02
4.500000000000000000e+02
9.270000000000000000e+02
2.121000000000000000e+03
7.730000000000000000e+02
3.975000000000000000e+03
1.450000000000000000e+03
2.786000000000000000e+03
1.024000000000000000e+03
7.810000000000000000e+02
4.363000000000000000e+03
1.961000000000000000e+03
8.990000000000000000e+02
2.454000000000000000e+03
1.251000000000000000e+03
5.650000000000000000e+02
5.840000000000000000e+02
1.043000000000000000e+03
6.321000000000000000e+03
5.570000000000000000e+02
9.370000000000000000e+02
1.061000000000000000e+03
5.660000000000000000e+02
1.049000000000000000e+03
5.310000000000000000e+02
2.528000000000000000e+03
4.630000000000000000e+02
2.513000000000000000e+03
1.123000000000000000e+03
1.419000000000000000e+03
4.590000000000000000e+02
1.905000000000000000e+03
1.513000000000000000e+03
1.265000000000000000e+03
1.935000000000000000e+03
2.777000000000000000e+03
4.920000000000000000e+02
6.930000000000000000e+02
9.400000000000000000e+02
9.440000000000000000e+02
4.770000000000000000e+02
6.250000000000000000e+02
9.850000000000000000e+02
5.640000000000000000e+02
6.920000000000000000e+02
1.402000000000000000e+03
1.008000000000000000e+03
1.316000000000000000e+03
1.294000000000000000e+03
7.020000000000000000e+02
7.130000000000000000e+02
1.221000000000000000e+03
1.381000000000000000e+03
1.945000000000000000e+03
1.399000000000000000e+03
2.570000000000000000e+03
1.145000000000000000e+03
1.917000000000000000e+03
6.350000000000000000e+02
3.440000000000000000e+02
4.620000000000000000e+02
1.175000000000000000e+03
6.540000000000000000e+03
5.230000000000000000e+02
1.900000000000000000e+02
3.940000000000000000e+02
5.540000000000000000e+02
1.718000000000000000e+03
6.820000000000000000e+02
1.163000000000000000e+03
4.880000000000000000e+02
3.860000000000000000e+02
9.780000000000000000e+02
9.370000000000000000e+02
7.880000000000000000e+02
2.702000000000000000e+03
1.366000000000000000e+03
9.350000000000000000e+02
4.590000000000000000e+02
7.830000000000000000e+02
6.020000000000000000e+02
6.290000000000000000e+02
8.610000000000000000e+02
1.617000000000000000e+03
2.238000000000000000e+03
2.058000000000000000e+03
5.400000000000000000e+02
6.000000000000000000e+02
1.096000000000000000e+03
1.097000000000000000e+03
3.648000000000000000e+03
4.410000000000000000e+02
1.089000000000000000e+03
7.110000000000000000e+02
5.560000000000000000e+02
7.510000000000000000e+02
7.610000000000000000e+02
3.730000000000000000e+02
6.150000000000000000e+02
1.071000000000000000e+03
6.450000000000000000e+02
1.523000000000000000e+03
1.311000000000000000e+03
6.270000000000000000e+02
3.547000000000000000e+03
6.320000000000000000e+02
7.600000000000000000e+02
1.018000000000000000e+03
5.330000000000000000e+02
7.620000000000000000e+02
5.019000000000000000e+03
5.830000000000000000e+02
6.000000000000000000e+02
5.760000000000000000e+02
2.864000000000000000e+03
2.665000000000000000e+03
2.576000000000000000e+03
1.526000000000000000e+03
3.221000000000000000e+03
2.719000000000000000e+03
1.424000000000000000e+03
1.028000000000000000e+03
8.820000000000000000e+02
1.851000000000000000e+03
5.360000000000000000e+02
4.644000000000000000e+03
1.037000000000000000e+03
4.480000000000000000e+02
6.920000000000000000e+02
3.870000000000000000e+02
6.960000000000000000e+02
3.200000000000000000e+02
4.690000000000000000e+02
1.846000000000000000e+03
1.720000000000000000e+03
1.139000000000000000e+03
9.070000000000000000e+02
1.117000000000000000e+03
2.287000000000000000e+03
5.690000000000000000e+02
5.900000000000000000e+02
6.300000000000000000e+02
6.260000000000000000e+02
2.066000000000000000e+03
2.495000000000000000e+03
9.340000000000000000e+02
1.181000000000000000e+03
3.720000000000000000e+02
1.304000000000000000e+03
1.855000000000000000e+03
2.519000000000000000e+03
2.359000000000000000e+03
5.230000000000000000e+02
3.078000000000000000e+03
4.130000000000000000e+02
5.060000000000000000e+02
8.770000000000000000e+02
1.378000000000000000e+03
5.550000000000000000e+02
4.010000000000000000e+02
8.470000000000000000e+02
5.440000000000000000e+02
7.390000000000000000e+02
3.316000000000000000e+03
3.134000000000000000e+03
8.310000000000000000e+02
1.141000000000000000e+03
4.180000000000000000e+02
7.730000000000000000e+02
2.433000000000000000e+03
1.991000000000000000e+03
1.841000000000000000e+03
6.140000000000000000e+02
4.110000000000000000e+02
1.064000000000000000e+03
1.103000000000000000e+03
1.467000000000000000e+03
9.120000000000000000e+02
1.541000000000000000e+03
1.940000000000000000e+03
4.028000000000000000e+03
2.000000000000000000e+03
2.477000000000000000e+03
2.094000000000000000e+03
1.178000000000000000e+03
1.448000000000000000e+03
3.050000000000000000e+02
2.911000000000000000e+03
1.032000000000000000e+03
1.017000000000000000e+03
1.762000000000000000e+03
2.069000000000000000e+03
8.470000000000000000e+02
1.369000000000000000e+03
1.670000000000000000e+03
1.208000000000000000e+03
3.151000000000000000e+03
8.040000000000000000e+02
2.394000000000000000e+03
2.145000000000000000e+03
1.720000000000000000e+03
1.537000000000000000e+03
7.410000000000000000e+02
3.641000000000000000e+03
1.703000000000000000e+03
3.462000000000000000e+03
9.580000000000000000e+02
7.010000000000000000e+02
1.031000000000000000e+03
6.640000000000000000e+02
4.910000000000000000e+02
1.761000000000000000e+03
1.372000000000000000e+03
5.750000000000000000e+02
3.790000000000000000e+02
1.345000000000000000e+03
1.813000000000000000e+03
5.440000000000000000e+02
1.109000000000000000e+03
1.081000000000000000e+03
5.640000000000000000e+02
7.260000000000000000e+02
1.284000000000000000e+03
6.120000000000000000e+02
6.950000000000000000e+02
3.297000000000000000e+03
1.121000000000000000e+03
6.020000000000000000e+02
4.630000000000000000e+02
6.910000000000000000e+02
1.106000000000000000e+03
1.579000000000000000e+03
4.320000000000000000e+02
6.960000000000000000e+02
4.090000000000000000e+02
7.230000000000000000e+02
1.228000000000000000e+03
2.052000000000000000e+03
6.150000000000000000e+02
2.056000000000000000e+03
7.250000000000000000e+02
7.250000000000000000e+02
3.033000000000000000e+03
1.022000000000000000e+03
6.790000000000000000e+02
2.577000000000000000e+03
8.800000000000000000e+02
5.670000000000000000e+02
2.175000000000000000e+03
3.720000000000000000e+02
1.013000000000000000e+03
1.693000000000000000e+03
1.178000000000000000e+03
1.836000000000000000e+03
9.880000000000000000e+02
4.340000000000000000e+02
1.982000000000000000e+03
3.920000000000000000e+02
3.029000000000000000e+03
7.180000000000000000e+02
8.810000000000000000e+02
1.813000000000000000e+03
5.900000000000000000e+02
4.350000000000000000e+03
2.960000000000000000e+02
8.030000000000000000e+02
2.246000000000000000e+03
4.153000000000000000e+03
1.727000000000000000e+03
1.517000000000000000e+03
1.768000000000000000e+03
1.948000000000000000e+03
9.740000000000000000e+02
2.480000000000000000e+02
2.539000000000000000e+03
9.490000000000000000e+02
3.855000000000000000e+03
1.896000000000000000e+03
3.549000000000000000e+03
2.095000000000000000e+03
2.357000000000000000e+03
1.621000000000000000e+03
1.625000000000000000e+03
1.023000000000000000e+03
4.510000000000000000e+02
9.780000000000000000e+02
8.240000000000000000e+02
1.292000000000000000e+03
1.908000000000000000e+03
2.660000000000000000e+02
1.341000000000000000e+03
1.131000000000000000e+03
1.670000000000000000e+03
1.357000000000000000e+03
3.185000000000000000e+03
9.200000000000000000e+02
7.330000000000000000e+02
3.570000000000000000e+02
4.470000000000000000e+02
1.091000000000000000e+03
2.606000000000000000e+03
6.160000000000000000e+02
6.080000000000000000e+02
1.570000000000000000e+02
9.170000000000000000e+02
5.270000000000000000e+02
1.047000000000000000e+03
8.860000000000000000e+02
1.871000000000000000e+03
2.784000000000000000e+03
1.002000000000000000e+03
6.010000000000000000e+02
4.218000000000000000e+03
2.867000000000000000e+03
1.860000000000000000e+03
4.680000000000000000e+02
2.722000000000000000e+03
1.117000000000000000e+03
2.187000000000000000e+03
6.230000000000000000e+02
1.658000000000000000e+03
3.296000000000000000e+03
4.540000000000000000e+02
9.780000000000000000e+02
1.874000000000000000e+03
1.006000000000000000e+03
1.416000000000000000e+03
9.310000000000000000e+02
1.039000000000000000e+03
1.209000000000000000e+03
6.900000000000000000e+02
4.530000000000000000e+02
9.950000000000000000e+02
3.622000000000000000e+03
5.690000000000000000e+02
1.014000000000000000e+03
1.360000000000000000e+03
1.677000000000000000e+03
3.308000000000000000e+03
8.120000000000000000e+02
5.750000000000000000e+02
7.090000000000000000e+02
1.651000000000000000e+03
3.790000000000000000e+02
1.164000000000000000e+03
1.411000000000000000e+03
2.185000000000000000e+03
1.813000000000000000e+03
7.840000000000000000e+02
1.106000000000000000e+03
3.150000000000000000e+03
9.820000000000000000e+02
2.729000000000000000e+03
2.918000000000000000e+03
3.378000000000000000e+03
1.252000000000000000e+03
3.070000000000000000e+02
1.442000000000000000e+03
7.230000000000000000e+02
2.252000000000000000e+03
2.970000000000000000e+03
9.630000000000000000e+02
2.500000000000000000e+02
6.530000000000000000e+02
1.173000000000000000e+03
6.550000000000000000e+02
6.580000000000000000e+02
2.129000000000000000e+03
7.410000000000000000e+02
2.664000000000000000e+03
1.632000000000000000e+03
1.195000000000000000e+03
2.029000000000000000e+03
7.340000000000000000e+02
1.847000000000000000e+03
9.930000000000000000e+02
3.318000000000000000e+03
6.160000000000000000e+02
2.199000000000000000e+03
7.920000000000000000e+02
6.580000000000000000e+02
1.335000000000000000e+03
1.150000000000000000e+03
5.340000000000000000e+02
4.620000000000000000e+02
6.780000000000000000e+02
5.120000000000000000e+02
1.977000000000000000e+03
9.930000000000000000e+02
1.240000000000000000e+03
2.790000000000000000e+02
6.140000000000000000e+02
4.200000000000000000e+02
6.690000000000000000e+02
2.722000000000000000e+03
3.943000000000000000e+03
2.353000000000000000e+03
8.820000000000000000e+02
1.580000000000000000e+03
2.035000000000000000e+03
1.138000000000000000e+03
8.920000000000000000e+02
1.630000000000000000e+03
1.525000000000000000e+03
7.330000000000000000e+02
9.230000000000000000e+02
3.233000000000000000e+03
2.258000000000000000e+03
9.920000000000000000e+02
6.690000000000000000e+02
7.990000000000000000e+02
5.374000000000000000e+03
1.933000000000000000e+03
4.790000000000000000e+02
5.350000000000000000e+02
2.120000000000000000e+03
1.880000000000000000e+02
7.850000000000000000e+02
7.960000000000000000e+02
2.175000000000000000e+03
7.410000000000000000e+02
1.027000000000000000e+03
5.230000000000000000e+02
1.229000000000000000e+03
5.390000000000000000e+02
1.813000000000000000e+03
1.247000000000000000e+03
1.901000000000000000e+03
6.760000000000000000e+02
1.156000000000000000e+03
8.950000000000000000e+02
1.228000000000000000e+03
3.220000000000000000e+03
3.640000000000000000e+02
4.390000000000000000e+02
1.918000000000000000e+03
1.145000000000000000e+03
2.573000000000000000e+03
6.494000000000000000e+03
2.332000000000000000e+03
1.009000000000000000e+03
8.110000000000000000e+02
8.900000000000000000e+02
3.060000000000000000e+03
1.382000000000000000e+03
5.680000000000000000e+02
9.090000000000000000e+02
4.300000000000000000e+02
1.452000000000000000e+03
9.190000000000000000e+02
3.300000000000000000e+02
4.284000000000000000e+03
1.698000000000000000e+03
1.176000000000000000e+03
1.127000000000000000e+03
7.990000000000000000e+02
3.515000000000000000e+03
1.578000000000000000e+03
9.370000000000000000e+02
1.932000000000000000e+03
6.330000000000000000e+02
8.720000000000000000e+02
7.330000000000000000e+02
2.530000000000000000e+03
1.705000000000000000e+03
2.256000000000000000e+03
2.393000000000000000e+03
4.043000000000000000e+03
6.830000000000000000e+02
3.520000000000000000e+02
1.130000000000000000e+03
6.250000000000000000e+02
5.153000000000000000e+03
9.450000000000000000e+02
5.074000000000000000e+03
1.019000000000000000e+03
1.296000000000000000e+03
2.633000000000000000e+03
3.044000000000000000e+03
1.035000000000000000e+03
2.953000000000000000e+03
4.260000000000000000e+02
2.510000000000000000e+02
4.446000000000000000e+03
1.166000000000000000e+03
2.533000000000000000e+03
7.930000000000000000e+02
1.979000000000000000e+03
1.347000000000000000e+03
1.587000000000000000e+03
1.611000000000000000e+03
1.576000000000000000e+03
8.080000000000000000e+02
2.559000000000000000e+03
1.339000000000000000e+03
1.532000000000000000e+03
3.580000000000000000e+02
7.190000000000000000e+02
2.240000000000000000e+03
8.280000000000000000e+02
3.134000000000000000e+03
7.520000000000000000e+02
3.570000000000000000e+02
2.127000000000000000e+03
1.860000000000000000e+03
1.869000000000000000e+03
5.260000000000000000e+02
1.009000000000000000e+03
5.210000000000000000e+02
5.140000000000000000e+02
2.756000000000000000e+03
1.055000000000000000e+03
3.090000000000000000e+02
3.200000000000000000e+02
1.242000000000000000e+03
9.870000000000000000e+02
6.440000000000000000e+02
1.427000000000000000e+03
8.610000000000000000e+02
2.329000000000000000e+03
1.773000000000000000e+03
7.590000000000000000e+02
2.870000000000000000e+02
6.000000000000000000e+02
2.819000000000000000e+03
7.450000000000000000e+02
1.898000000000000000e+03
5.157000000000000000e+03
5.990000000000000000e+02
4.258000000000000000e+03
1.615000000000000000e+03
2.168000000000000000e+03
1.987000000000000000e+03
1.891000000000000000e+03
8.600000000000000000e+02
1.263000000000000000e+03
1.123000000000000000e+03
9.990000000000000000e+02
1.622000000000000000e+03
1.652000000000000000e+03
2.468000000000000000e+03
2.782000000000000000e+03
1.248000000000000000e+03
1.042000000000000000e+03
3.517000000000000000e+03
1.245000000000000000e+03
4.250000000000000000e+02
2.167000000000000000e+03
5.460000000000000000e+02
1.978000000000000000e+03
2.008000000000000000e+03
6.130000000000000000e+02
7.630000000000000000e+02
4.270000000000000000e+02
7.000000000000000000e+02
5.008000000000000000e+03
6.460000000000000000e+02
9.190000000000000000e+02
1.507000000000000000e+03
2.083000000000000000e+03
5.330000000000000000e+02
8.160000000000000000e+02
2.230000000000000000e+03
9.550000000000000000e+02
2.860000000000000000e+03
1.286000000000000000e+03
1.294000000000000000e+03
1.333000000000000000e+03
1.409000000000000000e+03
2.970000000000000000e+02
2.567000000000000000e+03
9.750000000000000000e+02
5.140000000000000000e+02
1.515000000000000000e+03
7.616000000000000000e+03
1.174000000000000000e+03
4.300000000000000000e+02
4.090000000000000000e+02
4.670000000000000000e+02
1.749000000000000000e+03
5.310000000000000000e+02
8.120000000000000000e+02
2.651000000000000000e+03
7.220000000000000000e+02
9.650000000000000000e+02
9.000000000000000000e+02
1.243000000000000000e+03
6.590000000000000000e+02
1.753000000000000000e+03
1.194000000000000000e+03
9.340000000000000000e+02
1.491000000000000000e+03
9.300000000000000000e+02
8.170000000000000000e+02
7.330000000000000000e+02
8.540000000000000000e+02
1.627000000000000000e+03
1.191000000000000000e+03
1.733000000000000000e+03
2.016000000000000000e+03
2.680000000000000000e+02
1.574000000000000000e+03
1.408000000000000000e+03
1.639000000000000000e+03
2.708000000000000000e+03
5.760000000000000000e+02
4.870000000000000000e+02
1.239000000000000000e+03
3.610000000000000000e+02
1.086000000000000000e+03
6.580000000000000000e+02
2.477000000000000000e+03
1.885000000000000000e+03
6.690000000000000000e+02
1.951000000000000000e+03
1.203000000000000000e+03
1.035000000000000000e+03
1.340000000000000000e+03
9.190000000000000000e+02
2.836000000000000000e+03
1.103000000000000000e+03
7.590000000000000000e+02
1.289000000000000000e+03
1.086000000000000000e+03
4.550000000000000000e+02
1.337000000000000000e+03
1.614000000000000000e+03
1.235000000000000000e+03
7.960000000000000000e+02
2.317000000000000000e+03
3.240000000000000000e+02
8.600000000000000000e+02
5.390000000000000000e+02
2.670000000000000000e+02
1.648000000000000000e+03
1.174000000000000000e+03
2.080000000000000000e+03
3.820000000000000000e+02
4.065000000000000000e+03
1.178000000000000000e+03
3.628000000000000000e+03
7.190000000000000000e+02
7.920000000000000000e+02
1.507000000000000000e+03
1.817000000000000000e+03
3.140000000000000000e+02
7.520000000000000000e+02
1.492000000000000000e+03
2.738000000000000000e+03
2.206000000000000000e+03
7.570000000000000000e+02
4.880000000000000000e+02
1.516000000000000000e+03
4.740000000000000000e+02
2.098000000000000000e+03
5.990000000000000000e+02
7.270000000000000000e+02
6.840000000000000000e+02
1.469000000000000000e+03
1.980000000000000000e+03
5.130000000000000000e+02
1.198000000000000000e+03
1.193000000000000000e+03
1.831000000000000000e+03
6.050000000000000000e+02
1.777000000000000000e+03
5.080000000000000000e+02
2.926000000000000000e+03
1.294000000000000000e+03
1.197000000000000000e+03
3.145000000000000000e+03
4.440000000000000000e+02
4.861000000000000000e+03
6.810000000000000000e+02
6.050000000000000000e+02
1.116000000000000000e+03
8.370000000000000000e+02
2.600000000000000000e+02
1.776000000000000000e+03
4.680000000000000000e+02
2.244000000000000000e+03
1.070000000000000000e+03
2.299000000000000000e+03
1.828000000000000000e+03
8.110000000000000000e+02
6.950000000000000000e+02
2.672000000000000000e+03
8.050000000000000000e+02
7.670000000000000000e+02
6.500000000000000000e+02
3.090000000000000000e+02
2.031000000000000000e+03
5.320000000000000000e+02
1.797000000000000000e+03
4.850000000000000000e+02
4.390000000000000000e+02
5.850000000000000000e+02
3.580000000000000000e+03
2.091000000000000000e+03
7.230000000000000000e+02
5.230000000000000000e+02
6.960000000000000000e+02
7.620000000000000000e+02
7.080000000000000000e+02
1.819000000000000000e+03
1.744000000000000000e+03
1.979000000000000000e+03
1.651000000000000000e+03
7.060000000000000000e+02
2.216000000000000000e+03
7.080000000000000000e+02
1.211000000000000000e+03
3.890000000000000000e+03
9.880000000000000000e+02
3.400000000000000000e+03
5.370000000000000000e+02
1.648000000000000000e+03
3.523000000000000000e+03
1.389000000000000000e+03
9.820000000000000000e+02
8.750000000000000000e+02
1.252000000000000000e+03
2.725000000000000000e+03
1.863000000000000000e+03
1.368000000000000000e+03
1.369000000000000000e+03
1.842000000000000000e+03
7.030000000000000000e+02
7.600000000000000000e+02
8.730000000000000000e+02
2.139000000000000000e+03
1.295000000000000000e+03
1.289000000000000000e+03
5.660000000000000000e+02
4.068000000000000000e+03
7.620000000000000000e+02
1.710000000000000000e+02
8.290000000000000000e+02
8.580000000000000000e+02
4.280000000000000000e+02
3.583000000000000000e+03
2.263000000000000000e+03
1.419000000000000000e+03
3.420000000000000000e+02
8.940000000000000000e+02
1.224000000000000000e+03
3.550000000000000000e+03
7.720000000000000000e+02
2.659000000000000000e+03
1.138000000000000000e+03
6.140000000000000000e+02
5.240000000000000000e+02
4.895000000000000000e+03
1.083000000000000000e+03
1.130000000000000000e+02
9.250000000000000000e+02
1.900000000000000000e+03
1.001000000000000000e+03
3.322000000000000000e+03
8.030000000000000000e+02
2.105000000000000000e+03
1.431000000000000000e+03
4.900000000000000000e+02
1.084000000000000000e+03
1.085000000000000000e+03
1.513000000000000000e+03
6.570000000000000000e+02
6.660000000000000000e+02
2.230000000000000000e+03
2.675000000000000000e+03
1.197000000000000000e+03
8.610000000000000000e+02
1.173000000000000000e+03
3.736000000000000000e+03
3.540000000000000000e+02
4.125000000000000000e+03
1.466000000000000000e+03
2.214000000000000000e+03
6.740000000000000000e+02
2.467000000000000000e+03
3.600000000000000000e+02
7.820000000000000000e+02
1.006000000000000000e+03
1.509000000000000000e+03
3.950000000000000000e+02
1.913000000000000000e+03
3.634000000000000000e+03
1.005000000000000000e+03
4.694000000000000000e+03
4.010000000000000000e+02
1.613000000000000000e+03
1.234000000000000000e+03
1.800000000000000000e+03
3.620000000000000000e+02
7.430000000000000000e+02
7.690000000000000000e+02
1.051000000000000000e+03
1.375000000000000000e+03
1.730000000000000000e+03
2.299000000000000000e+03
2.046000000000000000e+03
1.115000000000000000e+03
1.281000000000000000e+03
2.456000000000000000e+03
3.478000000000000000e+03
1.420000000000000000e+03
3.572000000000000000e+03
7.980000000000000000e+02
2.403000000000000000e+03
8.410000000000000000e+02
1.517000000000000000e+03
5.930000000000000000e+02
1.101000000000000000e+03
1.803000000000000000e+03
1.860000000000000000e+03
4.440000000000000000e+02
2.915000000000000000e+03
1.442000000000000000e+03
3.740000000000000000e+02
2.097000000000000000e+03
5.970000000000000000e+02
1.191000000000000000e+03
2.851000000000000000e+03
4.100000000000000000e+02
1.420000000000000000e+03
5.450000000000000000e+02
2.308000000000000000e+03
4.880000000000000000e+02
9.130000000000000000e+02
2.597000000000000000e+03
2.232000000000000000e+03
3.008000000000000000e+03
5.150000000000000000e+02
7.240000000000000000e+02
4.881000000000000000e+03
1.157000000000000000e+03
2.841000000000000000e+03
1.427000000000000000e+03
6.350000000000000000e+02
1.593000000000000000e+03
1.785000000000000000e+03
5.360000000000000000e+02
1.729000000000000000e+03
1.811000000000000000e+03
1.237000000000000000e+03
4.480000000000000000e+02
2.240000000000000000e+03
2.746000000000000000e+03
6.910000000000000000e+02
5.760000000000000000e+02
2.095000000000000000e+03
7.800000000000000000e+02
9.930000000000000000e+02
4.539000000000000000e+03
7.380000000000000000e+02
2.818000000000000000e+03
4.350000000000000000e+02
1.463000000000000000e+03
1.668000000000000000e+03
6.160000000000000000e+02
5.530000000000000000e+02
1.987000000000000000e+03
8.140000000000000000e+02
2.983000000000000000e+03
1.262000000000000000e+03
3.401000000000000000e+03
7.920000000000000000e+02
6.730000000000000000e+02
9.780000000000000000e+02
2.416000000000000000e+03
8.680000000000000000e+02
7.250000000000000000e+02
7.020000000000000000e+02
8.590000000000000000e+02
6.720000000000000000e+02
1.379000000000000000e+03
5.170000000000000000e+02
4.297000000000000000e+03
1.026000000000000000e+03
1.254000000000000000e+03
2.052000000000000000e+03
1.203000000000000000e+03
9.717000000000000000e+03
7.890000000000000000e+02
1.199000000000000000e+03
1.391000000000000000e+03
3.047000000000000000e+03
1.009000000000000000e+03
8.120000000000000000e+02
4.640000000000000000e+03
1.820000000000000000e+02
7.690000000000000000e+02
1.356000000000000000e+03
9.530000000000000000e+02
1.202000000000000000e+03
3.010000000000000000e+02
3.700000000000000000e+02
2.613000000000000000e+03
4.420000000000000000e+02
6.180000000000000000e+02
4.170000000000000000e+02
8.700000000000000000e+02
3.579000000000000000e+03
8.280000000000000000e+02
1.591000000000000000e+03
6.130000000000000000e+02
1.361000000000000000e+03
4.640000000000000000e+02
3.316000000000000000e+03
2.021000000000000000e+03
9.140000000000000000e+02
8.420000000000000000e+02
8.860000000000000000e+02
2.612000000000000000e+03
4.700000000000000000e+02
5.610000000000000000e+02
9.750000000000000000e+02
1.737000000000000000e+03
3.269000000000000000e+03
7.360000000000000000e+02
2.460000000000000000e+02
3.770000000000000000e+02
5.140000000000000000e+02
3.120000000000000000e+02
2.944000000000000000e+03
1.105000000000000000e+03
2.394000000000000000e+03
1.536000000000000000e+03
2.938000000000000000e+03
1.155000000000000000e+03
